47 00110010110000001111011111011010101100110101000
53 10111111001110000110011010000101010111110100001110100
59 11110110110001111110001101011001001011000011011011011110010
61 1111111110001101110101100000101100110011001001100010011101101
64 1101110000101000000101000010110101111010010100100010011101100100
65 10100110000011011110111011001110000101111001110011100111000001001
67 0100100001010101011001110011001001110000101101111001010010110001011
69 100101011100000000011000011001010100110000110100111011000000101001111
71 01000011101101101001000010110010011101001000110110011100110000011110001
73 0110011111111110101111010110100000111010000001101101100010101100110001010
